$values
[1] 1.1509334 1.0410450 1.0025151 0.7496579

$vectors
            [,1]        [,2]       [,3]       [,4]
[1,]  0.12965214  0.39867207 -0.1218287 -0.2546036
[2,]  0.03235126  0.17541499  0.4538255  0.1020851
[3,] -0.37246060 -0.04163269  0.1615345 -0.3078784
[4,]  0.32796369 -0.23282995  0.1639651 -0.2613019

$dvalues
          [,1]      [,2]      [,3]       [,4]       [,5]       [,6]
[1,] 0.3440475 0.2573615 0.3239505 -0.3505120 -0.2777396 -0.2905748
[2,] 0.2564981 0.3031428 0.2533679 -0.2552096 -0.2545472 -0.2536112
[3,] 0.2481635 0.2869476 0.2406612 -0.2634191 -0.2820844 -0.1918506
[4,] 0.2100565 0.1807227 0.1567871 -0.1838150 -0.1911759 -0.1810070

$dvectors
, , 1

            [,1]        [,2]          [,3]         [,4]          [,5]        [,6]
[1,]  0.13927417 -0.05519019 -0.0694891161 -0.137199394  0.0713489759 -0.12712531
[2,]  0.17942978 -0.11841774 -0.0778931317  0.044038720  0.0007466842 -0.03811687
[3,]  0.05954111 -0.05226942  0.0006447173  0.073183452  0.0222692624  0.10185083
[4,] -0.01513882 -0.01938805  0.0401415099  0.008444604 -0.1007390866  0.07001857

, , 2

            [,1]        [,2]         [,3]         [,4]        [,5]        [,6]
[1,] -0.01461811 -0.05805480  0.037270057 -0.000292343 -0.05770226  0.10376893
[2,]  0.07255720  0.11832675 -0.003321309 -0.076375792 -0.12984734 -0.51928721
[3,]  0.25274717 -0.09036068 -0.071972714 -0.071354608  0.01768509 -0.31512174
[4,] -0.01723911  0.02927424  0.075120430  0.077687748 -0.08535938 -0.08817639

, , 3

            [,1]        [,2]         [,3]         [,4]        [,5]        [,6]
[1,] -0.14014978 -0.03663961  0.037732273  0.024014019  0.10426014  0.44672402
[2,] -0.04801634 -0.03472803 -0.002727303 -0.034953067 -0.01666486  0.14462259
[3,]  0.10251697 -0.05369474 -0.007745009  0.004273008 -0.06996384 -0.03124948
[4,] -0.04219795  0.13466044  0.045461009 -0.119937553 -0.06909444 -0.28513653

, , 4

            [,1]        [,2]        [,3]         [,4]        [,5]        [,6]
[1,]  0.11509511 -0.10147774 0.004918404  0.044161062  0.02003990  0.01008997
[2,]  0.03192084 -0.01141061 0.042516174 -0.036733512 -0.03669418 -0.01431138
[3,] -0.05242079  0.04728069 0.004888941  0.042217230  0.03736207  0.01894416
[4,] -0.03011915  0.03407979 0.011973468  0.002060128  0.03474999  0.07097542


$ddvalues
, , 1

            [,1]        [,2]        [,3]        [,4]        [,5]        [,6]
[1,]  0.06038372 -0.03655492 -0.02276250 -0.11225645 -0.07301688 -0.09924087
[2,] -0.03655492  0.02414720  0.01168308 -0.07863444 -0.06394321 -0.06461089
[3,] -0.02276250  0.01168308  0.01232876 -0.09455114 -0.08598059 -0.06726540
[4,] -0.11225645 -0.07863444 -0.09455114  0.23440511  0.15709492  0.18967889
[5,] -0.07301688 -0.06394321 -0.08598059  0.15709492  0.14461406  0.12382565
[6,] -0.09924087 -0.06461089 -0.06726540  0.18967889  0.12382565  0.17826595

, , 2

             [,1]        [,2]         [,3]        [,4]        [,5]        [,6]
[1,]  0.009874925 -0.01383397  0.021406004 -0.04493917 -0.09009479 -0.07368411
[2,] -0.013833967  0.02368093 -0.011320569 -0.08718464 -0.06468246 -0.09000406
[3,]  0.021406004 -0.01132057 -0.009311534 -0.06977600 -0.05412641 -0.07550214
[4,] -0.044939166 -0.08718464 -0.069775998  0.11987627  0.13321635  0.12171883
[5,] -0.090094794 -0.06468246 -0.054126414  0.13321635  0.12328629  0.15961020
[6,] -0.073684109 -0.09000406 -0.075502136  0.12171883  0.15961020  0.21029951

, , 3

             [,1]         [,2]         [,3]        [,4]        [,5]        [,6]
[1,] -0.026386280  0.012995683  0.005959605 -0.07381511 -0.05977896 -0.03243185
[2,]  0.012995683 -0.015305221 -0.002777241 -0.06640748 -0.08263090 -0.03314985
[3,]  0.005959605 -0.002777241  0.001079908 -0.06290368 -0.07151108 -0.04487733
[4,] -0.073815107 -0.066407478 -0.062903679  0.13404946  0.15081169  0.08695918
[5,] -0.059778961 -0.082630902 -0.071511083  0.15081169  0.15475748  0.08912066
[6,] -0.032431854 -0.033149849 -0.044877330  0.08695918  0.08912066 -0.02009130

, , 4

             [,1]        [,2]         [,3]        [,4]        [,5]        [,6]
[1,] -0.043872364  0.03739321 -0.004603106 -0.05311682 -0.04788548 -0.04585236
[2,]  0.037393208 -0.03252291  0.002414730 -0.04160132 -0.05027418 -0.04851453
[3,] -0.004603106  0.00241473 -0.004097132 -0.03584863 -0.03769628 -0.03827430
[4,] -0.053116824 -0.04160132 -0.035848630  0.08644408  0.09307393  0.09249298
[5,] -0.047885480 -0.05027418 -0.037696276  0.09307393  0.09587079  0.09136689
[6,] -0.045852360 -0.04851453 -0.038274297  0.09249298  0.09136689  0.08134478


$ddvectors
, , 1, 1

            [,1]          [,2]        [,3]        [,4]        [,5]        [,6]
[1,] -0.05585895 -0.4472752196 -0.56522916  0.14147900  0.51566889  0.04320890
[2,]  0.47383731 -0.0001000561 -0.06772987 -0.38307767  0.11430948 -0.48179868
[3,]  0.53907965  0.0643966761  0.04458703 -0.45637454  0.01702131 -0.48804508
[4,] -0.06969983  0.3370458193  0.46745384  0.00981429 -0.43665023  0.13079274
[5,] -0.60323657 -0.0463051523 -0.02857888  0.51623134 -0.03790451  0.53273000
[6,] -0.04984444  0.4547408214  0.55710308 -0.10948387 -0.48596018  0.01889495

, , 2, 1

           [,1]        [,2]        [,3]        [,4]         [,5]        [,6]
[1,] -0.1115089 -0.59893699 -0.60993549  0.51135009  0.398904532  0.30998882
[2,]  0.7355861 -0.03675695  0.10163180 -0.24338707 -0.189702002 -0.35937201
[3,]  0.5602881 -0.06860741  0.04925874 -0.15802385 -0.129007751 -0.23865688
[4,] -0.5147035  0.24653227  0.13414328 -0.01609401  0.013628940  0.13873637
[5,] -0.5095832  0.27913879  0.16128527 -0.04368597  0.004183778  0.11739137
[6,] -0.3433428  0.34190390  0.29372304 -0.11362014 -0.142419236  0.06536677

, , 3, 1

             [,1]         [,2]         [,3]          [,4]         [,5]        [,6]
[1,] -0.008718801 -0.121800859 -0.089349917  0.1164091382  0.032167935  0.10153764
[2,]  0.130706384  0.001175670  0.085026120 -0.0003832133 -0.114797857  0.02692278
[3,]  0.056471030 -0.057481179 -0.002606317  0.0572045302 -0.038714093  0.06208329
[4,] -0.155091635  0.033470944 -0.063890402 -0.0300174590  0.087329616 -0.05965116
[5,] -0.052072870  0.126246603  0.055902152 -0.1296485603 -0.007589608 -0.13328426
[6,] -0.150433044  0.005909217 -0.066812326  0.0141156242  0.067530931 -0.01533820

, , 4, 1

            [,1]        [,2]        [,3]         [,4]        [,5]        [,6]
[1,]  0.02909298  0.13047547  0.21604505 -0.001070067 -0.22947384  0.05141141
[2,] -0.15136064  0.00683390  0.10815280  0.189184102 -0.14737739  0.27684128
[3,] -0.23536482 -0.08058386 -0.02812838  0.270962188 -0.03141019  0.30115079
[4,] -0.07353511 -0.13389376 -0.27797122  0.027897094  0.31179307 -0.08954411
[5,]  0.26199951  0.11914455  0.04794167 -0.306667962  0.04487277 -0.35044878
[6,] -0.10341215 -0.22615782 -0.33726015  0.127614839  0.32324212  0.01493742

, , 1, 2

            [,1]        [,2]        [,3]        [,4]        [,5]       [,6]
[1,]  0.02603260 -0.05911744  0.17109483 -0.03700707  0.05439671  0.7839576
[2,]  0.00255306  0.06260220  0.23207673 -0.07296345 -0.02440518  0.7980037
[3,] -0.15936622 -0.18909324 -0.04644949  0.09896757  0.20340053  0.8143266
[4,]  0.08765033  0.07758764 -0.15251879 -0.02051309 -0.05154237 -0.8648942
[5,] -0.01906408  0.01944102 -0.17167500  0.08071682 -0.02339692 -0.8307372
[6,] -0.76049139 -0.84528731 -0.92538752  0.75505177  0.75612603  0.1405617

, , 2, 2

           [,1]        [,2]        [,3]       [,4]        [,5]       [,6]
[1,] -0.2710170 -0.09982244 -0.62037752  0.3812890 -0.07378346 -2.4712414
[2,]  0.3771725 -0.16039324 -0.76097930  0.1384967 -0.13904659 -3.3606658
[3,]  0.8752166  0.54349321 -0.04689973 -0.4125358 -0.70274671 -3.3442442
[4,] -0.5377625 -0.17111523  0.45385582  0.1175018  0.38677172  3.4712151
[5,] -0.1547212  0.11645667  0.72705560 -0.2606130  0.19576047  3.3023905
[6,]  2.7788426  3.37077272  3.30125275 -2.8787642 -2.66411554 -0.4521119

, , 3, 2

           [,1]        [,2]       [,3]        [,4]        [,5]       [,6]
[1,] -0.2518019 -0.08691253 -0.3097358  0.29725210 -0.08048763 -0.9323257
[2,]  0.3072815 -0.06976986 -0.2079986 -0.05382076 -0.02545429 -1.2480760
[3,]  0.3213204  0.13562160  0.0941245 -0.13716976 -0.27162823 -1.1120015
[4,] -0.1824106 -0.05074613  0.1333477 -0.01680623  0.19268976  1.2195525
[5,] -0.2163519  0.19471875  0.2397813 -0.07649258  0.03936718  1.2511781
[6,]  0.9540653  1.24622044  1.2643829 -1.07345102 -0.94748717 -0.1380512

, , 4, 2

             [,1]         [,2]        [,3]        [,4]       [,5]       [,6]
[1,]  0.004735484 -0.227797311 -0.27943756  0.13045250  0.1222921 -0.8060444
[2,]  0.207836231  0.003080342 -0.20813867  0.04745802 -0.1914233 -1.3222623
[3,]  0.356153778  0.172979664 -0.09227328 -0.12551403 -0.2700959 -1.2926395
[4,] -0.370731224  0.024943861  0.16436713  0.06787695  0.1229013  1.3841092
[5,] -0.033975402  0.056185069  0.26078566 -0.17098681  0.1183944  1.1410998
[6,]  0.880664808  1.361866265  1.17932714 -1.04294723 -1.0221330 -0.1305610

, , 1, 3

           [,1]         [,2]         [,3]        [,4]         [,5]        [,6]
[1,]  0.3492305 -0.137095023 -0.101471829  0.10871509  0.174228182 -0.20355900
[2,] -0.1730158  0.242825168  0.119552933 -0.02445025  0.008514496 -0.12849232
[3,] -0.1444493  0.099403824  0.005934374 -0.01204413  0.012249238  0.05514086
[4,]  0.1511754 -0.018485656 -0.027321120 -0.10229229 -0.101391116 -0.37594582
[5,]  0.2024220  0.002697032 -0.014666706 -0.08621354 -0.312691180 -0.49313516
[6,] -0.2082629 -0.154755607  0.013654821 -0.33877201 -0.463252372  1.05885467

, , 2, 3

             [,1]        [,2]          [,3]        [,4]        [,5]        [,6]
[1,]  0.114875098 -0.07932883 -0.0537028300  0.05666290  0.10978763 -0.01273051
[2,] -0.061773608  0.05567353  0.0515125677  0.03003445  0.02689035  0.09968131
[3,] -0.028766588  0.05265371  0.0058117954 -0.00498051 -0.01124456 -0.01068849
[4,]  0.032662450  0.03306642 -0.0009526269 -0.05647917 -0.02672376 -0.22099967
[5,]  0.093786434  0.03351450 -0.0003007036 -0.03422543 -0.13344522 -0.30255765
[6,] -0.009388694  0.10965482  0.0077882456 -0.23717684 -0.31569136 -0.13799939

, , 3, 3

            [,1]        [,2]        [,3]         [,4]          [,5]        [,6]
[1,] -0.30125434  0.12938756  0.03602628 -0.029824348 -0.0252923256  0.30656154
[2,]  0.07956424 -0.05282315  0.02249430  0.022566532  0.0002732532 -0.04665072
[3,] -0.03138500  0.01186397  0.02607104 -0.024862085  0.0223820620 -0.04462275
[4,]  0.03678478  0.01660914 -0.04235005  0.019561628 -0.0217400606 -0.05281280
[5,]  0.01849349 -0.01579863 -0.01117044 -0.001774894  0.0829418733 -0.01279995
[6,]  0.29670903 -0.07493955 -0.09535600 -0.007566402  0.0239621536 -0.53462740

, , 4, 3

            [,1]        [,2]        [,3]        [,4]         [,5]        [,6]
[1,] -0.09352882  0.06084473  0.11847203 -0.10826284 -0.058431554  0.09681979
[2,]  0.01925271 -0.11613249 -0.12715571 -0.01924534 -0.019957483  0.07967806
[3,]  0.06266537 -0.13714757 -0.05242866  0.05368306  0.008277688  0.09637008
[4,] -0.05398507 -0.02172206  0.04091830  0.10670817  0.102265940  0.26272846
[5,] -0.02186772 -0.03349311 -0.02082200  0.12109280  0.120722586  0.19784794
[6,]  0.09054647  0.05213911  0.04907633  0.30483405  0.231774608 -0.66426433

, , 1, 4

             [,1]        [,2]          [,3]         [,4]          [,5]         [,6]
[1,] -0.032601203 -0.03717854 -0.0375999122 -0.002142393 -2.512500e-02 -0.023184768
[2,] -0.037178544  0.08933688  0.0294235508  0.002481650  2.305034e-02  0.023176825
[3,] -0.037599912  0.02942355  0.0004985625 -0.004265932 -2.065624e-03  0.007916769
[4,] -0.002142393  0.00248165 -0.0042659319 -0.020660633 -1.138798e-02 -0.014004439
[5,] -0.025124996  0.02305034 -0.0020656241 -0.011387977  9.669422e-05 -0.001146642
[6,] -0.023184768  0.02317682  0.0079167692 -0.014004439 -1.146642e-03  0.015680416

, , 2, 4

             [,1]         [,2]         [,3]         [,4]         [,5]         [,6]
[1,] -0.047546899  0.010991239 -0.016896679 -0.004069607 -0.003525594  0.008471203
[2,]  0.010991239 -0.002485461 -0.016101401  0.004494344  0.005857642 -0.009738698
[3,] -0.016896679 -0.016101401 -0.027343918 -0.001122811  0.001141962 -0.005016293
[4,] -0.004069607  0.004494344 -0.001122811  0.020163566  0.019071776  0.018429246
[5,] -0.003525594  0.005857642  0.001141962  0.019071776  0.019162336  0.013558119
[6,]  0.008471203 -0.009738698 -0.005016293  0.018429246  0.013558119 -0.005239417

, , 3, 4

              [,1]         [,2]          [,3]         [,4]          [,5]          [,6]
[1,]  0.0607452546 -0.022976779  0.0225396324 -0.003610906  0.0054346971  0.0001014491
[2,] -0.0229767790 -0.007547930 -0.0218849535  0.002791171 -0.0053218701 -0.0015704318
[3,]  0.0225396324 -0.021884953 -0.0027490011 -0.003989861  0.0001948958  0.0033219466
[4,] -0.0036109061  0.002791171 -0.0039898610 -0.012721385 -0.0152945646 -0.0121648692
[5,]  0.0054346971 -0.005321870  0.0001948958 -0.015294565 -0.0140806031 -0.0048563528
[6,]  0.0001014491 -0.001570432  0.0033219466 -0.012164869 -0.0048563528  0.0024292467

, , 4, 4

             [,1]         [,2]         [,3]         [,4]         [,5]        [,6]
[1,] 0.0003749655  0.011166759  0.006425958  0.009210416  0.003372755  0.01320622
[2,] 0.0111667593 -0.026868113 -0.013241950 -0.010635688 -0.003669011 -0.01256676
[3,] 0.0064259584 -0.013241950 -0.004522008  0.002075189 -0.002969173 -0.01321660
[4,] 0.0092104159 -0.010635688  0.002075189  0.013723298 -0.002241309 -0.01311723
[5,] 0.0033727554 -0.003669011 -0.002969173 -0.002241309 -0.013431914 -0.02552695
[6,] 0.0132062198 -0.012566761 -0.013216602 -0.013117234 -0.025526950 -0.04456015


