$values
[1] 1.1509334 1.0410450 1.0025151 0.7496579

$vectors
            [,1]        [,2]       [,3]       [,4]
[1,]  0.12965214  0.39867207 -0.1218287 -0.2546036
[2,]  0.03235126  0.17541499  0.4538255  0.1020851
[3,] -0.37246060 -0.04163269  0.1615345 -0.3078784
[4,]  0.32796369 -0.23282995  0.1639651 -0.2613019

$dvalues
          [,1]      [,2]      [,3]       [,4]       [,5]       [,6]
[1,] 0.3440475 0.2573615 0.3239505 -0.3505120 -0.2777396 -0.2905748
[2,] 0.2564981 0.3031428 0.2533679 -0.2552096 -0.2545472 -0.2536112
[3,] 0.2481635 0.2869476 0.2406612 -0.2634191 -0.2820844 -0.1918506
[4,] 0.2100565 0.1807227 0.1567871 -0.1838150 -0.1911759 -0.1810070

$dvectors
, , 1

            [,1]        [,2]          [,3]         [,4]          [,5]        [,6]
[1,]  0.13927417 -0.05519019 -0.0694891156 -0.137199393  0.0713489757 -0.12712531
[2,]  0.17942978 -0.11841774 -0.0778931310  0.044038720  0.0007466839 -0.03811687
[3,]  0.05954111 -0.05226942  0.0006447173  0.073183451  0.0222692624  0.10185083
[4,] -0.01513882 -0.01938805  0.0401415096  0.008444603 -0.1007390865  0.07001857

, , 2

            [,1]        [,2]         [,3]          [,4]        [,5]        [,6]
[1,] -0.01461811 -0.05805481  0.037270057 -0.0002923429 -0.05770226  0.10376893
[2,]  0.07255720  0.11832675 -0.003321309 -0.0763757927 -0.12984735 -0.51928721
[3,]  0.25274717 -0.09036068 -0.071972714 -0.0713546075  0.01768509 -0.31512174
[4,] -0.01723911  0.02927424  0.075120430  0.0776877472 -0.08535938 -0.08817639

, , 3

            [,1]        [,2]         [,3]         [,4]        [,5]        [,6]
[1,] -0.14014978 -0.03663961  0.037732272  0.024014020  0.10426014  0.44672402
[2,] -0.04801634 -0.03472804 -0.002727303 -0.034953066 -0.01666486  0.14462259
[3,]  0.10251697 -0.05369474 -0.007745009  0.004273008 -0.06996384 -0.03124948
[4,] -0.04219795  0.13466044  0.045461009 -0.119937553 -0.06909444 -0.28513653

, , 4

            [,1]        [,2]        [,3]         [,4]        [,5]        [,6]
[1,]  0.11509511 -0.10147774 0.004918404  0.044161062  0.02003990  0.01008997
[2,]  0.03192084 -0.01141061 0.042516174 -0.036733512 -0.03669418 -0.01431138
[3,] -0.05242079  0.04728069 0.004888941  0.042217231  0.03736207  0.01894416
[4,] -0.03011915  0.03407979 0.011973468  0.002060128  0.03474999  0.07097542


$ddvalues
, , 1

            [,1]        [,2]        [,3]        [,4]        [,5]        [,6]
[1,]  0.06038372 -0.03655492 -0.02276250 -0.11225645 -0.07301688 -0.09924087
[2,] -0.03655492  0.02414720  0.01168308 -0.07863444 -0.06394321 -0.06461089
[3,] -0.02276250  0.01168308  0.01232876 -0.09455114 -0.08598059 -0.06726540
[4,] -0.11225645 -0.07863444 -0.09455114  0.23440511  0.15709492  0.18967889
[5,] -0.07301688 -0.06394321 -0.08598059  0.15709492  0.14461406  0.12382565
[6,] -0.09924087 -0.06461089 -0.06726540  0.18967889  0.12382565  0.17826595

, , 2

             [,1]        [,2]         [,3]        [,4]        [,5]        [,6]
[1,]  0.009874926 -0.01383397  0.021406004 -0.04493917 -0.09009479 -0.07368411
[2,] -0.013833967  0.02368093 -0.011320569 -0.08718464 -0.06468246 -0.09000406
[3,]  0.021406004 -0.01132057 -0.009311534 -0.06977600 -0.05412641 -0.07550214
[4,] -0.044939166 -0.08718464 -0.069775998  0.11987627  0.13321635  0.12171883
[5,] -0.090094794 -0.06468246 -0.054126414  0.13321635  0.12328629  0.15961020
[6,] -0.073684109 -0.09000406 -0.075502136  0.12171883  0.15961020  0.21029951

, , 3

             [,1]         [,2]         [,3]        [,4]        [,5]        [,6]
[1,] -0.026386280  0.012995683  0.005959605 -0.07381511 -0.05977896 -0.03243185
[2,]  0.012995683 -0.015305221 -0.002777241 -0.06640748 -0.08263090 -0.03314985
[3,]  0.005959605 -0.002777241  0.001079908 -0.06290368 -0.07151108 -0.04487733
[4,] -0.073815107 -0.066407478 -0.062903679  0.13404946  0.15081169  0.08695918
[5,] -0.059778961 -0.082630902 -0.071511083  0.15081169  0.15475748  0.08912066
[6,] -0.032431854 -0.033149849 -0.044877330  0.08695918  0.08912066 -0.02009130

, , 4

             [,1]        [,2]         [,3]        [,4]        [,5]        [,6]
[1,] -0.043872364  0.03739321 -0.004603106 -0.05311682 -0.04788548 -0.04585236
[2,]  0.037393208 -0.03252291  0.002414730 -0.04160132 -0.05027418 -0.04851453
[3,] -0.004603106  0.00241473 -0.004097132 -0.03584863 -0.03769628 -0.03827430
[4,] -0.053116824 -0.04160132 -0.035848630  0.08644408  0.09307393  0.09249298
[5,] -0.047885480 -0.05027418 -0.037696276  0.09307393  0.09587080  0.09136689
[6,] -0.045852360 -0.04851453 -0.038274297  0.09249298  0.09136689  0.08134478


$ddvectors
, , 1, 1

            [,1]         [,2]         [,3]        [,4]        [,5]        [,6]
[1,] -0.14052083  0.042792394 -0.013165402  0.09736501 -0.07786389  0.02247923
[2,]  0.04279239 -0.010271372 -0.009859897 -0.05439311  0.06327521 -0.03752071
[3,] -0.01316540 -0.009859897  0.082348568 -0.00299195 -0.01512302  0.05205942
[4,]  0.09736501 -0.054393110 -0.002991950 -0.03476481  0.07819681 -0.02684743
[5,] -0.07786389  0.063275211 -0.015123018  0.07819681 -0.06645848  0.04770658
[6,]  0.02247923 -0.037520714  0.052059422 -0.02684743  0.04770658 -0.01164947

, , 2, 1

             [,1]        [,2]        [,3]        [,4]         [,5]         [,6]
[1,] -0.230204738  0.14069899 -0.04640753  0.02506130 -0.090800815 -0.007820339
[2,]  0.140698994 -0.07602691  0.03139581 -0.01487490  0.075634708 -0.033292576
[3,] -0.046407533  0.03139581  0.09681436 -0.03661241  0.024081511  0.043178260
[4,]  0.025061303 -0.01487490 -0.03661241 -0.02192267 -0.023557562  0.022007268
[5,] -0.090800815  0.07563471  0.02408151 -0.02355756  0.006584699 -0.027718650
[6,] -0.007820339 -0.03329258  0.04317826  0.02200727 -0.027718650  0.116781750

, , 3, 1

             [,1]          [,2]         [,3]         [,4]          [,5]        [,6]
[1,]  0.065306585 -0.0377203797 -0.070179220 -0.042193419  0.0076781930 -0.07449528
[2,] -0.037720380  0.0312837381  0.046294655  0.025025759 -0.0004033559  0.03626922
[3,] -0.070179220  0.0462946549  0.014395449  0.003438084  0.0034219907  0.01897776
[4,] -0.042193419  0.0250257593  0.003438084 -0.001521946 -0.0424629313  0.01219886
[5,]  0.007678193 -0.0004033559  0.003421991 -0.042462931  0.0127952923 -0.07152489
[6,] -0.074495284  0.0362692203  0.018977757  0.012198860 -0.0715248855  0.04484416

, , 4, 1

            [,1]        [,2]         [,3]         [,4]         [,5]         [,6]
[1,] -0.01467299  0.02017046  0.013524381 -0.065835581  0.012737070 -0.024750554
[2,]  0.02017046 -0.01180812  0.011059212  0.052428083 -0.025683916  0.039396944
[3,]  0.01352438  0.01105921 -0.073522315 -0.009724595  0.033564867 -0.051843437
[4,] -0.06583558  0.05242808 -0.009724595  0.026468445  0.001692437  0.020746681
[5,]  0.01273707 -0.02568392  0.033564867  0.001692437  0.045534968 -0.013102566
[6,] -0.02475055  0.03939694 -0.051843437  0.020746681 -0.013102566  0.003707889

, , 1, 2

              [,1]         [,2]        [,3]         [,4]         [,5]        [,6]
[1,] -0.0005365873 -0.051916128 -0.02120945  0.051451743  0.071698922  0.11829636
[2,] -0.0519161278  0.088945724  0.05495359  0.006173539  0.011476320  0.02394957
[3,] -0.0212094532  0.054953588 -0.04599584 -0.034178481  0.011685762 -0.07579929
[4,]  0.0514517435  0.006173539 -0.03417848 -0.042982815 -0.005357657 -0.13955477
[5,]  0.0716989216  0.011476320  0.01168576 -0.005357657 -0.083441436 -0.20173154
[6,]  0.1182963556  0.023949566 -0.07579929 -0.139554769 -0.201731541 -0.19090513

, , 2, 2

           [,1]         [,2]        [,3]         [,4]        [,5]        [,6]
[1,] -0.4675722  0.221838480  0.19919499 -0.137640348 -0.18962182  0.32719859
[2,]  0.2218385 -0.305493429 -0.18463119 -0.008722205 -0.01383895  0.08781589
[3,]  0.1991950 -0.184631193 -0.05991451  0.035869228  0.01308430 -0.02266922
[4,] -0.1376403 -0.008722205  0.03586923  0.182305933  0.11081776  0.47180371
[5,] -0.1896218 -0.013838949  0.01308430  0.110817764  0.33965227  0.51146741
[6,]  0.3271986  0.087815893 -0.02266922  0.471803708  0.51146741 -1.25771256

, , 3, 2

            [,1]        [,2]         [,3]          [,4]        [,5]        [,6]
[1,] -0.29506565  0.12443152  0.017403006  0.0333713946 -0.20326763 -0.00800648
[2,]  0.12443152 -0.09059639 -0.056873366 -0.0466030149  0.08825481  0.04678690
[3,]  0.01740301 -0.05687337  0.086941688  0.0030660757 -0.01390839  0.08483273
[4,]  0.03337139 -0.04660301  0.003066076 -0.0008686188  0.07785811  0.13301367
[5,] -0.20326763  0.08825481 -0.013908385  0.0778581113  0.11138905  0.27152556
[6,] -0.00800648  0.04678690  0.084832733  0.1330136694  0.27152556 -0.32135752

, , 4, 2

             [,1]        [,2]         [,3]         [,4]         [,5]        [,6]
[1,] -0.077557857  0.01810376  0.058646541 -0.147027629  0.006891455  0.06498343
[2,]  0.018103764  0.01303794 -0.034968600  0.014426065 -0.086915223 -0.06001421
[3,]  0.058646541 -0.03496860 -0.100164198  0.022606460 -0.008949989 -0.07756290
[4,] -0.147027629  0.01442606  0.022606460  0.101619920  0.009601691  0.31525089
[5,]  0.006891455 -0.08691522 -0.008949989  0.009601691  0.190459070  0.21109019
[6,]  0.064983428 -0.06001421 -0.077562896  0.315250886  0.211090192 -0.02424398

, , 1, 3

           [,1]         [,2]         [,3]        [,4]         [,5]        [,6]
[1,]  0.3477625 -0.156498947 -0.127510222  0.13374941  0.191753441 -0.20266929
[2,] -0.1564989  0.241646529  0.106120856 -0.02448961  0.003950749 -0.14460615
[3,] -0.1275102  0.106120856 -0.000999882 -0.01872729  0.001214519  0.03383528
[4,]  0.1337494 -0.024489607 -0.018727292 -0.09617263 -0.091063955 -0.35496210
[5,]  0.1917534  0.003950749  0.001214519 -0.09106396 -0.311527431 -0.47749980
[6,] -0.2026693 -0.144606153  0.033835278 -0.35496210 -0.477499795  1.05360716

, , 2, 3

            [,1]        [,2]          [,3]          [,4]         [,5]         [,6]
[1,]  0.11796674 -0.07321909 -0.0418361680  0.0460151807  0.101841881 -0.013416383
[2,] -0.07321909  0.05936467  0.0541498631  0.0312256637  0.030490710  0.106776454
[3,] -0.04183617  0.05414986  0.0050147241 -0.0007708549 -0.004515572 -0.001320376
[4,]  0.04601518  0.03122566 -0.0007708549 -0.0604843164 -0.033201342 -0.230250299
[5,]  0.10184188  0.03049071 -0.0045155717 -0.0332013417 -0.135298670 -0.309323528
[6,] -0.01341638  0.10677645 -0.0013203765 -0.2302502994 -0.309323528 -0.135660655

, , 3, 3

              [,1]         [,2]         [,3]          [,4]         [,5]         [,6]
[1,] -3.091725e-01  0.111373750  0.004505512  8.970676e-05 -0.003679032  0.307853619
[2,]  1.113737e-01 -0.064750178  0.006317013  2.320989e-02 -0.006056517 -0.066552866
[3,]  4.505512e-03  0.006317013  0.017770947 -3.204431e-02  0.007982642 -0.070928661
[4,]  8.970676e-05  0.023209889 -0.032044313  2.604984e-02 -0.008181464 -0.026888504
[5,] -3.679032e-03 -0.006056517  0.007982642 -8.181464e-03  0.084984450  0.006433346
[6,]  3.078536e-01 -0.066552866 -0.070928661 -2.688850e-02  0.006433346 -0.541127095

, , 4, 3

            [,1]        [,2]         [,3]        [,4]         [,5]        [,6]
[1,] -0.09978834  0.04536218  0.091970653 -0.08395700 -0.039990495  0.09967651
[2,]  0.04536218 -0.12588153 -0.141369021 -0.01661305 -0.025517485  0.05939532
[3,]  0.09197065 -0.14136902 -0.060102260  0.05030293 -0.004187819  0.06962937
[4,] -0.08395700 -0.01661305  0.050302932  0.10946123  0.114021251  0.28920713
[5,] -0.03999049 -0.02551748 -0.004187819  0.11402125  0.122603271  0.21682809
[6,]  0.09967651  0.05939532  0.069629367  0.28920713  0.216828092 -0.67103584

, , 1, 4

             [,1]         [,2]          [,3]         [,4]          [,5]         [,6]
[1,] -0.032601203 -0.037178544 -0.0375999122 -0.002142391 -2.512499e-02 -0.023180451
[2,] -0.037178544  0.089336877  0.0294235508  0.002671529  2.324105e-02  0.023172956
[3,] -0.037599912  0.029423551  0.0004985625 -0.004265932 -2.065624e-03  0.007916935
[4,] -0.002142391  0.002671529 -0.0042659318 -0.020660701 -1.120244e-02 -0.014192595
[5,] -0.025124995  0.023241054 -0.0020656241 -0.011202440  9.662587e-05 -0.001334798
[6,] -0.023180451  0.023172956  0.0079169346 -0.014192595 -1.334798e-03  0.016056726

, , 2, 4

             [,1]         [,2]         [,3]         [,4]         [,5]         [,6]
[1,] -0.047546899  0.010991240 -0.016896679 -0.004069607 -0.003525593  0.008472408
[2,]  0.010991240 -0.002485461 -0.016101401  0.004420783  0.005784077 -0.009739097
[3,] -0.016896679 -0.016101401 -0.027343918 -0.001122810  0.001141962 -0.005014690
[4,] -0.004069607  0.004420783 -0.001122810  0.020163592  0.018999089  0.018505069
[5,] -0.003525593  0.005784077  0.001141962  0.018999089  0.019162363  0.013633941
[6,]  0.008472408 -0.009739097 -0.005014690  0.018505069  0.013633941 -0.005391060

, , 3, 4

              [,1]         [,2]          [,3]         [,4]          [,5]          [,6]
[1,]  6.074525e-02 -0.022976779  0.0225396324 -0.003610907  0.0054346964  9.945926e-05
[2,] -2.297678e-02 -0.007547930 -0.0218849535  0.003015020 -0.0050978260 -1.568679e-03
[3,]  2.253963e-02 -0.021884953 -0.0027490011 -0.003989861  0.0001948959  3.322123e-03
[4,] -3.610907e-03  0.003015020 -0.0039898610 -0.012721467 -0.0150702711 -1.239266e-02
[5,]  5.434696e-03 -0.005097826  0.0001948959 -0.015070271 -0.0140806853 -5.084144e-03
[6,]  9.945926e-05 -0.001568679  0.0033221229 -0.012392661 -0.0050841439  2.884827e-03

, , 4, 4

             [,1]         [,2]         [,3]         [,4]         [,5]        [,6]
[1,] 0.0003749655  0.011166759  0.006425958  0.009210415  0.003372755  0.01320508
[2,] 0.0111667593 -0.026868113 -0.013241950 -0.010444216 -0.003478731 -0.01256546
[3,] 0.0064259584 -0.013241950 -0.004522008  0.002075189 -0.002969173 -0.01321613
[4,] 0.0092104155 -0.010444216  0.002075189  0.013723227 -0.002049854 -0.01331263
[5,] 0.0033727550 -0.003478731 -0.002969173 -0.002049854 -0.013431984 -0.02572235
[6,] 0.0132050841 -0.012565456 -0.013216131 -0.013312632 -0.025722349 -0.04416935


