$values
[1] 1.1509334 1.0410450 1.0025151 0.7496579

$vectors
            [,1]        [,2]       [,3]       [,4]
[1,]  0.12965214  0.39867207 -0.1218287 -0.2546036
[2,]  0.03235126  0.17541499  0.4538255  0.1020851
[3,] -0.37246060 -0.04163269  0.1615345 -0.3078784
[4,]  0.32796369 -0.23282995  0.1639651 -0.2613019

$dvalues
          [,1]      [,2]      [,3]       [,4]       [,5]       [,6]
[1,] 0.3440475 0.2573615 0.3239505 -0.3505120 -0.2777396 -0.2905748
[2,] 0.2564981 0.3031428 0.2533679 -0.2552096 -0.2545472 -0.2536112
[3,] 0.2481635 0.2869476 0.2406612 -0.2634191 -0.2820844 -0.1918506
[4,] 0.2100565 0.1807227 0.1567871 -0.1838150 -0.1911759 -0.1810070

$dvectors
, , 1

            [,1]        [,2]          [,3]         [,4]          [,5]        [,6]
[1,]  0.13927417 -0.05519019 -0.0694891161 -0.137199394  0.0713489759 -0.12712531
[2,]  0.17942978 -0.11841774 -0.0778931317  0.044038720  0.0007466842 -0.03811687
[3,]  0.05954111 -0.05226942  0.0006447173  0.073183452  0.0222692624  0.10185083
[4,] -0.01513882 -0.01938805  0.0401415099  0.008444604 -0.1007390866  0.07001857

, , 2

            [,1]        [,2]         [,3]         [,4]        [,5]        [,6]
[1,] -0.01461811 -0.05805480  0.037270057 -0.000292343 -0.05770226  0.10376893
[2,]  0.07255720  0.11832675 -0.003321309 -0.076375792 -0.12984734 -0.51928721
[3,]  0.25274717 -0.09036068 -0.071972714 -0.071354608  0.01768509 -0.31512174
[4,] -0.01723911  0.02927424  0.075120430  0.077687748 -0.08535938 -0.08817639

, , 3

            [,1]        [,2]         [,3]         [,4]        [,5]        [,6]
[1,] -0.14014978 -0.03663961  0.037732273  0.024014019  0.10426014  0.44672402
[2,] -0.04801634 -0.03472803 -0.002727303 -0.034953067 -0.01666486  0.14462259
[3,]  0.10251697 -0.05369474 -0.007745009  0.004273008 -0.06996384 -0.03124948
[4,] -0.04219795  0.13466044  0.045461009 -0.119937553 -0.06909444 -0.28513653

, , 4

            [,1]        [,2]        [,3]         [,4]        [,5]        [,6]
[1,]  0.11509511 -0.10147774 0.004918404  0.044161062  0.02003990  0.01008997
[2,]  0.03192084 -0.01141061 0.042516174 -0.036733512 -0.03669418 -0.01431138
[3,] -0.05242079  0.04728069 0.004888941  0.042217230  0.03736207  0.01894416
[4,] -0.03011915  0.03407979 0.011973468  0.002060128  0.03474999  0.07097542


$ddvalues
, , 1

            [,1]        [,2]        [,3]        [,4]        [,5]        [,6]
[1,]  0.06038372 -0.03655492 -0.02276250 -0.11225645 -0.07301688 -0.09924087
[2,] -0.03655492  0.02414720  0.01168308 -0.07863444 -0.06394321 -0.06461089
[3,] -0.02276250  0.01168308  0.01232876 -0.09455114 -0.08598059 -0.06726540
[4,] -0.11225645 -0.07863444 -0.09455114  0.23440511  0.15709492  0.18967889
[5,] -0.07301688 -0.06394321 -0.08598059  0.15709492  0.14461406  0.12382565
[6,] -0.09924087 -0.06461089 -0.06726540  0.18967889  0.12382565  0.17826595

, , 2

             [,1]        [,2]         [,3]        [,4]        [,5]        [,6]
[1,]  0.009874925 -0.01383397  0.021406004 -0.04493917 -0.09009479 -0.07368411
[2,] -0.013833967  0.02368093 -0.011320569 -0.08718464 -0.06468246 -0.09000406
[3,]  0.021406004 -0.01132057 -0.009311534 -0.06977600 -0.05412641 -0.07550214
[4,] -0.044939166 -0.08718464 -0.069775998  0.11987627  0.13321635  0.12171883
[5,] -0.090094794 -0.06468246 -0.054126414  0.13321635  0.12328629  0.15961020
[6,] -0.073684109 -0.09000406 -0.075502136  0.12171883  0.15961020  0.21029951

, , 3

             [,1]         [,2]         [,3]        [,4]        [,5]        [,6]
[1,] -0.026386280  0.012995683  0.005959605 -0.07381511 -0.05977896 -0.03243185
[2,]  0.012995683 -0.015305221 -0.002777241 -0.06640748 -0.08263090 -0.03314985
[3,]  0.005959605 -0.002777241  0.001079908 -0.06290368 -0.07151108 -0.04487733
[4,] -0.073815107 -0.066407478 -0.062903679  0.13404946  0.15081169  0.08695918
[5,] -0.059778961 -0.082630902 -0.071511083  0.15081169  0.15475748  0.08912066
[6,] -0.032431854 -0.033149849 -0.044877330  0.08695918  0.08912066 -0.02009130

, , 4

             [,1]        [,2]         [,3]        [,4]        [,5]        [,6]
[1,] -0.043872364  0.03739321 -0.004603106 -0.05311682 -0.04788548 -0.04585236
[2,]  0.037393208 -0.03252291  0.002414730 -0.04160132 -0.05027418 -0.04851453
[3,] -0.004603106  0.00241473 -0.004097132 -0.03584863 -0.03769628 -0.03827430
[4,] -0.053116824 -0.04160132 -0.035848630  0.08644408  0.09307393  0.09249298
[5,] -0.047885480 -0.05027418 -0.037696276  0.09307393  0.09587079  0.09136689
[6,] -0.045852360 -0.04851453 -0.038274297  0.09249298  0.09136689  0.08134478


$dl
          [,1]      [,2]      [,3]       [,4]       [,5]       [,6]
[1,] 0.3440475 0.2573615 0.3239505 -0.3505120 -0.2777396 -0.2905748
[2,] 0.2564981 0.3031428 0.2533679 -0.2552096 -0.2545472 -0.2536112
[3,] 0.2481635 0.2869476 0.2406612 -0.2634191 -0.2820844 -0.1918506
[4,] 0.2100565 0.1807227 0.1567871 -0.1838150 -0.1911759 -0.1810070

$dx
, , 1

            [,1]        [,2]          [,3]         [,4]          [,5]        [,6]
[1,]  0.13927417 -0.05519019 -0.0694891161 -0.137199394  0.0713489760 -0.12712531
[2,]  0.17942978 -0.11841774 -0.0778931316  0.044038720  0.0007466842 -0.03811687
[3,]  0.05954111 -0.05226942  0.0006447173  0.073183452  0.0222692624  0.10185083
[4,] -0.01513882 -0.01938805  0.0401415099  0.008444604 -0.1007390867  0.07001857

, , 2

            [,1]        [,2]         [,3]         [,4]        [,5]        [,6]
[1,] -0.01461811 -0.05805480  0.037270057 -0.000292343 -0.05770226  0.10376893
[2,]  0.07255720  0.11832675 -0.003321309 -0.076375792 -0.12984734 -0.51928721
[3,]  0.25274717 -0.09036068 -0.071972714 -0.071354608  0.01768509 -0.31512174
[4,] -0.01723911  0.02927424  0.075120430  0.077687748 -0.08535938 -0.08817639

, , 3

            [,1]        [,2]         [,3]         [,4]        [,5]        [,6]
[1,] -0.14014978 -0.03663961  0.037732273  0.024014019  0.10426014  0.44672402
[2,] -0.04801634 -0.03472803 -0.002727303 -0.034953067 -0.01666486  0.14462259
[3,]  0.10251697 -0.05369474 -0.007745009  0.004273008 -0.06996384 -0.03124948
[4,] -0.04219795  0.13466044  0.045461009 -0.119937553 -0.06909444 -0.28513653

, , 4

            [,1]        [,2]        [,3]         [,4]        [,5]        [,6]
[1,]  0.11509511 -0.10147774 0.004918404  0.044161062  0.02003990  0.01008997
[2,]  0.03192084 -0.01141061 0.042516174 -0.036733512 -0.03669418 -0.01431138
[3,] -0.05242079  0.04728069 0.004888941  0.042217230  0.03736207  0.01894416
[4,] -0.03011915  0.03407979 0.011973468  0.002060128  0.03474999  0.07097542


$ddl
, , 1

            [,1]        [,2]        [,3]        [,4]        [,5]        [,6]
[1,]  0.06038372 -0.03655492 -0.02276250 -0.11225645 -0.07301688 -0.09924087
[2,] -0.03655492  0.02414720  0.01168308 -0.07863444 -0.06394321 -0.06461089
[3,] -0.02276250  0.01168308  0.01232876 -0.09455114 -0.08598059 -0.06726540
[4,] -0.11225645 -0.07863444 -0.09455114  0.23440511  0.15709492  0.18967889
[5,] -0.07301688 -0.06394321 -0.08598059  0.15709492  0.14461406  0.12382565
[6,] -0.09924087 -0.06461089 -0.06726540  0.18967889  0.12382565  0.17826595

, , 2

             [,1]        [,2]         [,3]        [,4]        [,5]        [,6]
[1,]  0.009874925 -0.01383397  0.021406004 -0.04493917 -0.09009479 -0.07368411
[2,] -0.013833967  0.02368093 -0.011320569 -0.08718464 -0.06468246 -0.09000406
[3,]  0.021406004 -0.01132057 -0.009311534 -0.06977600 -0.05412641 -0.07550214
[4,] -0.044939166 -0.08718464 -0.069775998  0.11987627  0.13321635  0.12171883
[5,] -0.090094794 -0.06468246 -0.054126414  0.13321635  0.12328629  0.15961020
[6,] -0.073684109 -0.09000406 -0.075502136  0.12171883  0.15961020  0.21029951

, , 3

             [,1]         [,2]         [,3]        [,4]        [,5]        [,6]
[1,] -0.026386280  0.012995683  0.005959605 -0.07381511 -0.05977896 -0.03243185
[2,]  0.012995683 -0.015305221 -0.002777241 -0.06640748 -0.08263090 -0.03314985
[3,]  0.005959605 -0.002777241  0.001079908 -0.06290368 -0.07151108 -0.04487733
[4,] -0.073815107 -0.066407478 -0.062903679  0.13404946  0.15081169  0.08695918
[5,] -0.059778961 -0.082630902 -0.071511083  0.15081169  0.15475748  0.08912066
[6,] -0.032431854 -0.033149849 -0.044877330  0.08695918  0.08912066 -0.02009130

, , 4

             [,1]        [,2]         [,3]        [,4]        [,5]        [,6]
[1,] -0.043872364  0.03739321 -0.004603106 -0.05311682 -0.04788548 -0.04585236
[2,]  0.037393208 -0.03252291  0.002414730 -0.04160132 -0.05027418 -0.04851453
[3,] -0.004603106  0.00241473 -0.004097132 -0.03584863 -0.03769628 -0.03827430
[4,] -0.053116824 -0.04160132 -0.035848630  0.08644408  0.09307393  0.09249298
[5,] -0.047885480 -0.05027418 -0.037696276  0.09307393  0.09587079  0.09136689
[6,] -0.045852360 -0.04851453 -0.038274297  0.09249298  0.09136689  0.08134478


